190389 0.000037
190390 0.000040
190391 0.000042
190401 0.000097
190402 0.000128
190403 0.000199
190404 0.000248
190405 0.000418
190407 0.000438
190409 0.000472
190410 0.000505
190411 0.001005
190456 0.001208
190459 0.001311
190462 0.001338
190465 0.001497
190482 0.003732
190490 0.004575
190491 0.004876
190492 0.005053
190538 0.005818
190539 0.008007
190591 0.011180
190592 0.011903
190593 0.012190
190595 0.017819
190645 0.018505
190646 0.019181
190659 0.021844
190661 0.027721
190662 0.028031
190663 0.029700
190678 0.040915
190679 0.042017
190688 0.046953
190702 0.054136
190703 0.066773
190704 0.067178
190705 0.084775
190706 0.089853
190707 0.101062
190708 0.106991
190710 0.107487
190733 0.128416
190734 0.128964
190735 0.129327
190736 0.138051
190738 0.151317
190782 0.174353
190895 0.212593
190906 0.233262
190945 0.238871
190949 0.251906
191043 0.255891
191046 0.272262
191056 0.274254
191057 0.278599
191062 0.305417
191090 0.310894
191201 0.316693
191202 0.325985
191226 0.423035
191247 0.496889
191248 0.501719
191264 0.514301
191271 0.542094
191276 0.544634
191277 0.600232
191306 0.600308
191350 0.600644
191367 0.600781
191410 0.600782
191411 0.600784
191691 0.605359
191692 0.609556
191694 0.614982
191695 0.620229
191697 0.621453
191700 0.675899
191701 0.685366
191718 0.706557
191720 0.721684
191721 0.733349
191723 0.733942
191726 0.734959
191800 0.742531
191808 0.744179
191810 0.758296
191811 0.780122
191830 0.820715
191833 0.831765
191834 0.864308
191837 0.870324
191839 0.873822
191842 0.875766
191845 0.878563
191849 0.882767
191856 0.892536
191857 0.895524
191858 0.899208
191859 0.907400
192989 0.907422
192990 0.907663
193091 0.908600
193092 0.908604
193093 0.908714
193112 0.911070
193115 0.911201
193116 0.916290
193123 0.917052
193124 0.918241
193192 0.923663
193193 0.948481
193207 0.956032
193334 0.966381
193336 1.010247
193541 1.038450
193556 1.047477
193557 1.053121
193575 1.094701
193621 1.189302
193834 1.190580
193835 1.191520
193836 1.192650
193998 1.216014
193999 1.219657
194027 1.226812
194050 1.342224
194051 1.343140
194052 1.350078
194075 1.357897
194076 1.414144
194108 1.478745
194115 1.542127
194117 1.545169
194119 1.560828
194120 1.580874
194150 1.625684
194151 1.672226
194153 1.679301
194199 1.710712
194210 1.751088
194223 1.759959
194224 1.804866
194225 1.818188
194270 1.821879
194303 1.829184
194304 1.836091
194305 1.844856
194314 1.876930
194315 1.922307
194317 1.923850
194424 1.995665
194428 2.039740
194429 2.096956
194439 2.107347
194455 2.142052
194464 2.165945
194479 2.216253
194480 2.299239
194533 2.378979
194619 2.398431
194631 2.424269
194643 2.453534
194644 2.487526
194691 2.531539
194699 2.556574
194702 2.573542
194704 2.617759
194711 2.652791
194712 2.687402
194735 2.699555
194778 2.722225
194788 2.725791
194789 2.782744
194790 2.787722
194825 2.814986
194896 2.829374
194897 2.842385
194912 3.002267
194914 3.005322
194915 3.010338
195013 3.076465
195014 3.094495
195015 3.097529
195016 3.147784
195099 3.176495
195109 3.215605
195110 3.217232
195111 3.224344
195112 3.228264
195113 3.288211
195114 3.297764
195115 3.299555
195147 3.355673
195163 3.396363
195164 3.404804
195165 3.434755
195251 3.466940
195265 3.485313
195266 3.535167
195303 3.577885
195304 3.689397
195378 3.808434
195379 3.830077
195385 3.840191
195387 3.841321
195390 3.862186
195396 3.877053
195397 3.998706
195398 4.092185
195399 4.105708
195522 4.107149
195523 4.108036
195524 4.109063
195526 4.110794
195527 4.113216
195528 4.115737
195529 4.126525
195530 4.193234
195540 4.228010
195551 4.232858
195552 4.392122
195633 4.399206
195634 4.412676
195644 4.421770
195645 4.424426
195647 4.430167
195649 4.460448
195655 4.508833
195656 4.546808
195658 4.572603
195660 4.581920
195749 4.601672
195757 4.628274
195758 4.632459
195774 4.744817
195775 4.759649
195776 4.800931
195841 4.804547
195868 4.833719
195913 4.836473
195915 4.935009
195916 4.953851
195917 4.955247
195918 4.961208
195919 4.963177
195923 4.964967
195925 4.966584
195926 4.970829
195927 4.971576
195929 4.974162
195930 5.013240
195937 5.034716
195947 5.046487
195948 5.119817
195950 5.234525
195963 5.236310
195970 5.247896
196019 5.258150
196023 5.270185
196027 5.293232
196046 5.300719
196047 5.313606
196048 5.319992
196090 5.330338
196096 5.335750
196097 5.339416
196098 5.341267
196099 5.345901
196107 5.396686
196122 5.400912
196131 5.420322
196135 5.424143
196197 5.491530
196199 5.544772
196200 5.551021
196201 5.551769
196202 5.561067
196203 5.570042
196218 5.664830
196239 5.746453
196249 5.755423
196250 5.810832
196252 5.814717
196334 5.856105
196349 5.888597
196350 5.890312
196351 5.899281
196352 5.901533
196353 5.921759
196357 5.923558
196359 5.926539
196362 5.938827
196363 5.943800
196364 6.042877
196431 6.107722
196432 6.111980
196433 6.143210
196437 6.162789
196438 6.247806
196452 6.366218
196453 6.482448
196495 6.508078
196497 6.530292
196501 6.540250
196509 6.547418
196531 6.598988
198022 6.600347
198023 6.601437
198041 6.604718
198044 6.607660
198045 6.617691
198048 6.620227
198049 6.622257
198050 6.627173
198063 6.635430
198116 6.643946
198202 6.649215
198207 6.657457
198208 6.670984
198210 6.683869
198212 6.709642
198213 6.714138
198214 6.714577
198215 6.715187
198229 6.717177
198230 6.819713
198249 6.820653
198268 6.823661
198269 6.850387
198270 6.851222
198271 6.928236
198272 6.970515
198346 6.972344
198372 6.980292
198485 7.006934
198486 7.008481
198487 7.139118
198522 7.160386
198523 7.160857
198588 7.160877
198589 7.160880
198603 7.160895
198609 7.160929
198898 7.160931
198899 7.160932
198900 7.160934
198901 7.160938
198902 7.160970
198903 7.160987
198941 7.190065
198954 7.219763
198955 7.342033
198969 7.458960
199008 7.526946
199011 7.529178
199021 7.662318
199276 7.662356
199282 7.662435
199306 7.662461
199318 7.676925
199319 7.780384
199336 7.844157
199356 7.864162
199409 7.980041
199428 8.047939
199429 8.061074
199435 8.195125
199436 8.233098
199563 8.234176
199564 8.236694
199565 8.239289
199566 8.247883
199568 8.263732
199569 8.301191
199570 8.303353
199571 8.348090
199572 8.368900
199573 8.370663
199574 8.385298
199608 8.561625
199698 8.573833
199699 8.645538
199703 8.679924
199739 8.689862
199745 8.690970
199751 8.700005
199752 8.734979
199753 8.741878
199754 8.814268
199804 8.876773
199812 8.955176
199832 8.988046
199833 9.094355
199834 9.142868
199862 9.156228
199864 9.210336
199867 9.239085
199868 9.240678
199875 9.278226
199876 9.316925
199877 9.380683
199960 9.432130
199961 9.459048
199967 9.478529
199973 9.482929
200041 9.597560
200042 9.636901
200049 9.657276
200075 9.718457
200091 9.869254
200152 9.876262
200160 9.880250
200161 9.894896
200174 9.897837
200177 9.906302
200178 9.912283
200180 9.921142
200186 9.925090
200188 9.961808
200190 10.027269
200228 10.038910
200229 10.090754
200243 10.104845
200244 10.174887
200245 10.211782
200368 10.224261
200369 10.278365
200381 10.305032
200466 10.318111
200473 10.422463
200491 10.468434
200515 10.482760
200519 10.560694
200525 10.662667
200532 10.665590
200599 10.676583
200600 10.792994
200601 10.795331
200961 10.796181
200976 10.800910
200990 10.813889
200991 10.915593
200992 10.952531
201062 10.981358
201097 11.036358
201114 11.039903
201115 11.050481
201159 11.073809
201164 11.124684
201168 11.190601
201173 11.226953
201174 11.249168
201191 11.392481
201193 11.394375
201195 11.394859
201196 11.443930
201197 11.447520
201199 11.448177
201200 11.456938
201202 11.474556
201228 11.478874
201229 11.490095
201278 11.666494
201535 11.666643
201554 11.677176
201602 11.748856
201611 11.769154
201613 11.846000
201624 11.879798
201625 11.981213
201657 11.994728
201658 12.034064
201668 12.050292
201669 12.074659
201671 12.172745
201678 12.181851
201679 12.211156
201692 12.228473
201705 12.248712
201706 12.258757
201707 12.355022
201708 12.360779
201718 12.369439
201727 12.395742
201729 12.427068
201794 12.434109
201802 12.476188
201812 12.478895
201813 12.482992
201815 12.488494
201816 12.504976
201817 12.530461
201818 12.532019
201819 12.551189
201824 12.584021
202000 12.585376
202012 12.597677
202013 12.606429
202014 12.629896
202016 12.709482
202044 12.764106
202045 12.837317
202047 12.838530
202054 12.876594
202060 12.969664
202074 12.989253
202075 13.058520
202084 13.082223
202086 13.084024
202087 13.185317
202088 13.203578
202093 13.222548
202116 13.224329
202178 13.357906
202205 13.363117
202207 13.364200
202208 13.364871
202209 13.382793
202237 13.503662
202272 13.628939
202299 13.698767
202305 13.721807
202314 13.755633
202328 13.831307
202333 13.854576
202389 13.874131
202469 13.917037
202472 13.931205
202477 13.947704
202478 14.044843
202504 14.193012
202792 14.193012
202793 14.193012
202794 14.193012
202972 14.257129
202973 14.346122
203002 14.492537
203708 14.493432
203709 14.494899
203739 14.500695
203742 14.501352
203777 14.505642
203830 14.514785
203832 14.516162
203833 14.523965
203834 14.526627
203835 14.543999
203853 14.560693
203894 14.666391
203909 14.713784
203912 14.820553
203980 14.834129
203981 14.850690
203985 14.852659
203986 14.858494
203987 14.943752
203991 14.944067
203992 14.945316
203994 14.971635
204100 14.983288
204101 14.993052
204113 15.078801
204114 15.112718
204238 15.120754
204250 15.206578
204506 15.268009
204511 15.273925
204541 15.306779
204544 15.360480
204551 15.361115
204552 15.362166
204553 15.369716
204554 15.400757
204555 15.417837
204563 15.484917
204564 15.592154
204565 15.595577
204566 15.596874
204567 15.599401
204576 15.640384
204577 15.759331
204599 15.802217
204600 15.803382
204601 15.912117
204900 15.912240
205086 15.912966
205111 15.964508
205158 16.046526
205193 16.145837
205214 16.146344
205215 16.147352
205217 16.171909
205233 16.184887
205235 16.186284
205236 16.227837
205238 16.279237
205303 16.299321
205310 16.364180
205311 16.459877
205339 16.507672
205344 16.629746
205515 16.653380
205519 16.699550
205526 16.738446
205595 16.742424
205598 16.746586
205599 16.748690
205605 16.757868
205611 16.764632
205614 16.769564
205617 16.816648
205618 16.818377
205620 16.837236
205627 16.847763
205666 16.939266
205667 17.026013
205683 17.060859
205690 17.073090
205694 17.136513
205718 17.228253
205774 17.240459
205777 17.242821
205781 17.297855
205826 17.353867
205833 17.400511
205834 17.423878
205908 17.448846
205921 17.546329
206066 17.558654
206088 17.596435
206098 17.600252
206102 17.642017
206187 17.729599
206188 17.735384
206199 17.750570
206207 17.834797
206208 17.883447
206210 17.915596
206243 18.022888
206245 18.029569
206246 18.111640
206251 18.116904
206257 18.118582
206258 18.128430
206297 18.132528
206302 18.169895
206303 18.201129
206304 18.206946
206331 18.244905
206389 18.300754
206390 18.323160
206391 18.332170
206401 18.384697
206446 18.509504
206448 18.589014
206466 18.675807
206476 18.703441
206477 18.728527
206478 18.745243
206484 18.825701
206512 18.948071
206513 18.971120
206539 18.976569
206542 19.075683
206550 19.089594
206572 19.096873
206573 19.100965
206574 19.115181
206575 19.123856
206594 19.159902
206595 19.190205
206596 19.262192
206598 19.306023
206605 19.309924
206744 19.367372
206745 19.507555
206859 19.610335
206866 19.640764
206867 19.642556
206868 19.644580
206869 19.698025
206897 19.719335
206901 19.734853
206906 19.759288
206939 19.790089
206940 19.889486
207099 20.017348
207100 20.024825
207214 20.125704
207217 20.128736
207219 20.139421
207220 20.154072
207221 20.162504
207222 20.183066
207231 20.340894
207233 20.350792
207269 20.415493
207273 20.490883
207279 20.628111
207320 20.650615
207328 20.650968
207371 20.664392
207372 20.723059
207397 20.749913
207398 20.754231
207454 20.940156
207468 20.946060
207469 20.953301
207477 21.028068
207487 21.091965
207488 21.138444
207490 21.151840
207491 21.187161
207492 21.206346
207515 21.346039
207517 21.351871
207518 21.358832
207779 21.358855
207871 21.358872
207875 21.358907
207882 21.366897
207883 21.377699
207884 21.404843
207885 21.415142
207886 21.434128
207887 21.438547
207889 21.508449
207897 21.521399
207898 21.557285
207905 21.727649
207920 21.825467
207921 21.839061
207922 21.863823
207924 21.896172
208300 21.902004
208302 21.908808
208303 21.911254
208304 21.917038
208307 22.045515
208339 22.095340
208341 22.172406
208351 22.217324
208352 22.220290
208353 22.258007
208357 22.299339
208390 22.329238
208391 22.421717
208392 22.426694
208393 22.443429
208394 22.445266
208395 22.451642
208397 22.469313
208402 22.472692
208406 22.475419
208407 22.476797
208427 22.557657
208428 22.580759
208429 22.648822
208487 22.725234
208509 22.726732
208538 22.735087
208540 22.749731
208541 22.797210
208551 22.869048
208686 22.927719
209089 22.928721
209106 22.930759
209109 22.930991
209146 22.933851
209148 22.936207
209151 22.943379
