190389 37034.000000
190390 3261.000000
190391 2122.000000
190401 54134.000000
190402 31311.000000
190403 70660.000000
190404 49794.000000
190405 169196.000000
190407 20013.000000
190409 34654.000000
190410 32713.000000
190411 500101.000000
190456 202755.000000
190459 102801.000000
190462 27434.000000
190465 159053.000000
190482 2235000.000000
190490 843162.000000
190491 300375.000000
190492 177114.000000
190538 765754.000000
190539 2189000.000000
190591 3173000.000000
190592 722136.000000
190593 287670.000000
190595 5629000.000000
190645 685952.000000
190646 675653.000000
190659 2663000.000000
190661 5877000.000000
190662 309749.000000
190663 1669000.000000
190678 11215000.000000
190679 1102000.000000
190688 4936000.000000
190702 7183000.000000
190703 12637000.000000
190704 405070.000000
190705 17597000.000000
190706 5078000.000000
190707 11209000.000000
190708 5929000.000000
190710 496510.000000
190733 20929000.000000
190734 547693.000000
190735 363446.000000
190736 8724000.000000
190738 13266000.000000
190782 23036000.000000
190895 38240000.000000
190906 20669000.000000
190945 5609000.000000
190949 13035000.000000
191043 3985000.000000
191046 16371000.000000
191056 1992000.000000
191057 4345000.000000
191062 26818000.000000
191090 5477000.000000
191201 5799000.000000
191202 9292000.000000
191226 97050000.000000
191247 73854000.000000
191248 4830000.000000
191264 12582000.000000
191271 27793000.000000
191276 2540000.000000
191277 55598000.000000
191306 75759.000000
191350 335795.000000
191367 136682.000000
191410 1438.000000
191411 2429.000000
191691 4575000.000000
191692 4197000.000000
191694 5426000.000000
191695 5247000.000000
191697 1224000.000000
191700 54446000.000000
191701 9467000.000000
191718 21191000.000000
191720 15127000.000000
191721 11665000.000000
191723 592165.000000
191726 1017000.000000
191800 7572000.000000
191808 1648000.000000
191810 14117000.000000
191811 21826000.000000
191830 40593000.000000
191833 11050000.000000
191834 32543000.000000
191837 6016000.000000
191839 3498000.000000
191842 1944000.000000
191845 2797000.000000
191849 4204000.000000
191856 9769000.000000
191857 2988000.000000
191858 3684000.000000
191859 8192000.000000
192989 22135.000000
192990 241078.000000
193091 937086.000000
193092 3755.000000
193093 110752.000000
193112 2356000.000000
193115 130478.000000
193116 5089000.000000
193123 762106.000000
193124 1189000.000000
193192 5422000.000000
193193 24818000.000000
193207 7551000.000000
193334 10349000.000000
193336 43866000.000000
193541 28203000.000000
193556 9027000.000000
193557 5644000.000000
193575 41580000.000000
193621 94601000.000000
193834 1278000.000000
193835 939834.000000
193836 1130000.000000
193998 23364000.000000
193999 3643000.000000
194027 7155000.000000
194050 115412000.000000
194051 916326.000000
194052 6938000.000000
194075 7819000.000000
194076 56247000.000000
194108 64601000.000000
194115 63382000.000000
194117 3042000.000000
194119 15659000.000000
194120 20046000.000000
194150 44810000.000000
194151 46542000.000000
194153 7075000.000000
194199 31411000.000000
194210 40376000.000000
194223 8871000.000000
194224 44907000.000000
194225 13322000.000000
194270 3691000.000000
194303 7305000.000000
194304 6907000.000000
194305 8765000.000000
194314 32074000.000000
194315 45377000.000000
194317 1543000.000000
194424 71815000.000000
194428 44075000.000000
194429 57216000.000000
194439 10391000.000000
194455 34705000.000000
194464 23893000.000000
194479 50308000.000000
194480 82986000.000000
194533 79740000.000000
194619 19452000.000000
194631 25838000.000000
194643 29265000.000000
194644 33992000.000000
194691 44013000.000000
194699 25035000.000000
194702 16968000.000000
194704 44217000.000000
194711 35032000.000000
194712 34611000.000000
194735 12153000.000000
194778 22670000.000000
194788 3566000.000000
194789 56953000.000000
194790 4978000.000000
194825 27264000.000000
194896 14388000.000000
194897 13011000.000000
194912 159882000.000000
194914 3055000.000000
194915 5016000.000000
195013 66127000.000000
195014 18030000.000000
195015 3034000.000000
195016 50255000.000000
195099 28711000.000000
195109 39110000.000000
195110 1627000.000000
195111 7112000.000000
195112 3920000.000000
195113 59947000.000000
195114 9553000.000000
195115 1791000.000000
195147 56118000.000000
195163 40690000.000000
195164 8441000.000000
195165 29951000.000000
195251 32185000.000000
195265 18373000.000000
195266 49854000.000000
195303 42718000.000000
195304 111512000.000000
195378 119037000.000000
195379 21643000.000000
195385 10114000.000000
195387 1130000.000000
195390 20865000.000000
195396 14867000.000000
195397 121653000.000000
195398 93479000.000000
195399 13523000.000000
195522 1441000.000000
195523 887032.000000
195524 1027000.000000
195526 1731000.000000
195527 2422000.000000
195528 2521000.000000
195529 10788000.000000
195530 66709000.000000
195540 34776000.000000
195551 4848000.000000
195552 159264000.000000
195633 7084000.000000
195634 13470000.000000
195644 9094000.000000
195645 2656000.000000
195647 5741000.000000
195649 30281000.000000
195655 48385000.000000
195656 37975000.000000
195658 25795000.000000
195660 9317000.000000
195749 19752000.000000
195757 26602000.000000
195758 4185000.000000
195774 112358000.000000
195775 14832000.000000
195776 41282000.000000
195841 3616000.000000
195868 29172000.000000
195913 2754000.000000
195915 98536000.000000
195916 18842000.000000
195917 1396000.000000
195918 5961000.000000
195919 1969000.000000
195923 1790000.000000
195925 1617000.000000
195926 4245000.000000
195927 747270.000000
195929 2586000.000000
195930 39078000.000000
195937 21476000.000000
195947 11771000.000000
195948 73330000.000000
195950 114708000.000000
195963 1785000.000000
195970 11586000.000000
196019 10254000.000000
196023 12035000.000000
196027 23047000.000000
196046 7487000.000000
196047 12887000.000000
196048 6386000.000000
196090 10346000.000000
196096 5412000.000000
196097 3666000.000000
196098 1851000.000000
196099 4634000.000000
196107 50785000.000000
196122 4226000.000000
196131 19410000.000000
196135 3821000.000000
196197 67387000.000000
196199 53242000.000000
196200 6249000.000000
196201 747112.000000
196202 9298000.000000
196203 8975000.000000
196218 94788000.000000
196239 81623000.000000
196249 8970000.000000
196250 55409000.000000
196252 3885000.000000
196334 41388000.000000
196349 32492000.000000
196350 1715000.000000
196351 8969000.000000
196352 2252000.000000
196353 20226000.000000
196357 1799000.000000
196359 2981000.000000
196362 12288000.000000
196363 4973000.000000
196364 99077000.000000
196431 64845000.000000
196432 4258000.000000
196433 31230000.000000
196437 19579000.000000
196438 85017000.000000
196452 118412000.000000
196453 116230000.000000
196495 25630000.000000
196497 22214000.000000
196501 9958000.000000
196509 7168000.000000
196531 51570000.000000
198022 1359000.000000
198023 1090000.000000
198041 3281000.000000
198044 2942000.000000
198045 10031000.000000
198048 2536000.000000
198049 2030000.000000
198050 4916000.000000
198063 8257000.000000
198116 8516000.000000
198202 5269000.000000
198207 8242000.000000
198208 13527000.000000
198210 12885000.000000
198212 25773000.000000
198213 4496000.000000
198214 439351.000000
198215 610208.000000
198229 1990000.000000
198230 102536000.000000
198249 939953.000000
198268 3008000.000000
198269 26726000.000000
198270 834823.000000
198271 77014000.000000
198272 42279000.000000
198346 1829000.000000
198372 7948000.000000
198485 26642000.000000
198486 1547000.000000
198487 130637000.000000
198522 21268000.000000
198523 471578.000000
198588 19643.000000
198589 2745.000000
198603 14962.000000
198609 34081.000000
198898 1960.000000
198899 1206.000000
198900 2316.000000
198901 3341.000000
198902 32157.000000
198903 17405.000000
198941 29078000.000000
198954 29698000.000000
198955 122270000.000000
198969 116927000.000000
199008 67986000.000000
199011 2232000.000000
199021 133140000.000000
199276 37786.000000
199282 79304.000000
199306 26089.000000
199318 14464000.000000
199319 103459000.000000
199336 63773000.000000
199356 20005000.000000
199409 115879000.000000
199428 67898000.000000
199429 13135000.000000
199435 134051000.000000
199436 37973000.000000
199563 1078000.000000
199564 2518000.000000
199565 2595000.000000
199566 8594000.000000
199568 15849000.000000
199569 37459000.000000
199570 2162000.000000
199571 44737000.000000
199572 20810000.000000
199573 1763000.000000
199574 14635000.000000
199608 176327000.000000
199698 12208000.000000
199699 71705000.000000
199703 34386000.000000
199739 9938000.000000
199745 1108000.000000
199751 9035000.000000
199752 34974000.000000
199753 6899000.000000
199754 72390000.000000
199804 62505000.000000
199812 78403000.000000
199832 32870000.000000
199833 106309000.000000
199834 48513000.000000
199862 13360000.000000
199864 54108000.000000
199867 28749000.000000
199868 1593000.000000
199875 37548000.000000
199876 38699000.000000
199877 63758000.000000
199960 51447000.000000
199961 26918000.000000
199967 19481000.000000
199973 4400000.000000
200041 114631000.000000
200042 39341000.000000
200049 20375000.000000
200075 61181000.000000
200091 150797000.000000
200152 7008000.000000
200160 3988000.000000
200161 14646000.000000
200174 2941000.000000
200177 8465000.000000
200178 5981000.000000
200180 8859000.000000
200186 3948000.000000
200188 36718000.000000
200190 65461000.000000
200228 11641000.000000
200229 51844000.000000
200243 14091000.000000
200244 70042000.000000
200245 36895000.000000
200368 12479000.000000
200369 54104000.000000
200381 26667000.000000
200466 13079000.000000
200473 104352000.000000
200491 45971000.000000
200515 14326000.000000
200519 77934000.000000
200525 101973000.000000
200532 2923000.000000
200599 10993000.000000
200600 116411000.000000
200601 2337000.000000
200961 849682.000000
200976 4729000.000000
200990 12979000.000000
200991 101704000.000000
200992 36938000.000000
201062 28827000.000000
201097 55000000.000000
201114 3545000.000000
201115 10578000.000000
201159 23328000.000000
201164 50875000.000000
201168 65917000.000000
201173 36352000.000000
201174 22215000.000000
201191 143313000.000000
201193 1894000.000000
201195 483600.000000
201196 49071000.000000
201197 3590000.000000
201199 656920.000000
201200 8761000.000000
201202 17618000.000000
201228 4318000.000000
201229 11221000.000000
201278 176399000.000000
201535 148905.000000
201554 10533000.000000
201602 71680000.000000
201611 20298000.000000
201613 76846000.000000
201624 33798000.000000
201625 101415000.000000
201657 13515000.000000
201658 39336000.000000
201668 16228000.000000
201669 24367000.000000
201671 98086000.000000
201678 9106000.000000
201679 29305000.000000
201692 17317000.000000
201705 20239000.000000
201706 10045000.000000
201707 96265000.000000
201708 5757000.000000
201718 8660000.000000
201727 26303000.000000
201729 31326000.000000
201794 7041000.000000
201802 42079000.000000
201812 2707000.000000
201813 4097000.000000
201815 5502000.000000
201816 16482000.000000
201817 25485000.000000
201818 1558000.000000
201819 19170000.000000
201824 32832000.000000
202000 1355000.000000
202012 12301000.000000
202013 8752000.000000
202014 23467000.000000
202016 79586000.000000
202044 54624000.000000
202045 73211000.000000
202047 1213000.000000
202054 38064000.000000
202060 93070000.000000
202074 19589000.000000
202075 69267000.000000
202084 23703000.000000
202086 1801000.000000
202087 101293000.000000
202088 18261000.000000
202093 18970000.000000
202116 1781000.000000
202178 133577000.000000
202205 5211000.000000
202207 1083000.000000
202208 671039.000000
202209 17922000.000000
202237 120869000.000000
202272 125277000.000000
202299 69828000.000000
202305 23040000.000000
202314 33826000.000000
202328 75674000.000000
202333 23269000.000000
202389 19555000.000000
202469 42906000.000000
202472 14168000.000000
202477 16499000.000000
202478 97139000.000000
202504 148169000.000000
202792 157.409000
202793 31.115000
202794 33.358000
202972 64117000.000000
202973 88993000.000000
203002 146415000.000000
203708 895236.000000
203709 1467000.000000
203739 5796000.000000
203742 657421.000000
203777 4290000.000000
203830 9143000.000000
203832 1377000.000000
203833 7803000.000000
203834 2662000.000000
203835 17372000.000000
203853 16694000.000000
203894 105698000.000000
203909 47393000.000000
203912 106769000.000000
203980 13576000.000000
203981 16561000.000000
203985 1969000.000000
203986 5835000.000000
203987 85258000.000000
203991 314032.000000
203992 1249000.000000
203994 26319000.000000
204100 11653000.000000
204101 9764000.000000
204113 85749000.000000
204114 33917000.000000
204238 8036000.000000
204250 85824000.000000
204506 61431000.000000
204511 5916000.000000
204541 32854000.000000
204544 53701000.000000
204551 635147.000000
204552 1051000.000000
204553 7550000.000000
204554 31041000.000000
204555 17080000.000000
204563 67080000.000000
204564 107237000.000000
204565 3423000.000000
204566 1297000.000000
204567 2527000.000000
204576 40983000.000000
204577 118947000.000000
204599 42886000.000000
204600 1165000.000000
204601 108735000.000000
204900 123284.000000
205086 726022.000000
205111 51542000.000000
205158 82018000.000000
205193 99311000.000000
205214 506623.000000
205215 1008000.000000
205217 24557000.000000
205233 12978000.000000
205235 1397000.000000
205236 41553000.000000
205238 51400000.000000
205303 20084000.000000
205310 64859000.000000
205311 95697000.000000
205339 47795000.000000
205344 122074000.000000
205515 23634000.000000
205519 46170000.000000
205526 38896000.000000
205595 3978000.000000
205598 4162000.000000
205599 2104000.000000
205605 9178000.000000
205611 6764000.000000
205614 4932000.000000
205617 47084000.000000
205618 1729000.000000
205620 18859000.000000
205627 10527000.000000
205666 91503000.000000
205667 86747000.000000
205683 34846000.000000
205690 12231000.000000
205694 63423000.000000
205718 91740000.000000
205774 12206000.000000
205777 2362000.000000
205781 55034000.000000
205826 56012000.000000
205833 46644000.000000
205834 23367000.000000
205908 24968000.000000
205921 97483000.000000
206066 12325000.000000
206088 37781000.000000
206098 3817000.000000
206102 41765000.000000
206187 87582000.000000
206188 5785000.000000
206199 15186000.000000
206207 84227000.000000
206208 48650000.000000
206210 32149000.000000
206243 107292000.000000
206245 6681000.000000
206246 82071000.000000
206251 5264000.000000
206257 1678000.000000
206258 9848000.000000
206297 4098000.000000
206302 37367000.000000
206303 31234000.000000
206304 5817000.000000
206331 37959000.000000
206389 55849000.000000
206390 22406000.000000
206391 9010000.000000
206401 52527000.000000
206446 124807000.000000
206448 79510000.000000
206466 86793000.000000
206476 27634000.000000
206477 25086000.000000
206478 16716000.000000
206484 80458000.000000
206512 122370000.000000
206513 23049000.000000
206539 5449000.000000
206542 99114000.000000
206550 13911000.000000
206572 7279000.000000
206573 4092000.000000
206574 14216000.000000
206575 8675000.000000
206594 36046000.000000
206595 30303000.000000
206596 71987000.000000
206598 43831000.000000
206605 3901000.000000
206744 57448000.000000
206745 140183000.000000
206859 102780000.000000
206866 30429000.000000
206867 1792000.000000
206868 2024000.000000
206869 53445000.000000
206897 21310000.000000
206901 15518000.000000
206906 24435000.000000
206939 30801000.000000
206940 99397000.000000
207099 127862000.000000
207100 7477000.000000
207214 100879000.000000
207217 3032000.000000
207219 10685000.000000
207220 14651000.000000
207221 8432000.000000
207222 20562000.000000
207231 157828000.000000
207233 9898000.000000
207269 64701000.000000
207273 75390000.000000
207279 137228000.000000
207320 22504000.000000
207328 352946.000000
207371 13424000.000000
207372 58667000.000000
207397 26854000.000000
207398 4318000.000000
207454 185925000.000000
207468 5904000.000000
207469 7241000.000000
207477 74767000.000000
207487 63897000.000000
207488 46479000.000000
207490 13396000.000000
207491 35321000.000000
207492 19185000.000000
207515 139693000.000000
207517 5832000.000000
207518 6961000.000000
207779 23426.000000
207871 17471.000000
207875 34165.000000
207882 7990000.000000
207883 10802000.000000
207884 27144000.000000
207885 10299000.000000
207886 18986000.000000
207887 4419000.000000
207889 69902000.000000
207897 12950000.000000
207898 35886000.000000
207905 170364000.000000
207920 97818000.000000
207921 13594000.000000
207922 24762000.000000
207924 32349000.000000
208300 5832000.000000
208302 6804000.000000
208303 2446000.000000
208304 5784000.000000
208307 128477000.000000
208339 49825000.000000
208341 77066000.000000
208351 44918000.000000
208352 2966000.000000
208353 37717000.000000
208357 41332000.000000
208390 29899000.000000
208391 92479000.000000
208392 4977000.000000
208393 16735000.000000
208394 1837000.000000
208395 6376000.000000
208397 17671000.000000
208402 3379000.000000
208406 2727000.000000
208407 1378000.000000
208427 80860000.000000
208428 23102000.000000
208429 68063000.000000
208487 76412000.000000
208509 1498000.000000
208538 8355000.000000
208540 14644000.000000
208541 47479000.000000
208551 71838000.000000
208686 58671000.000000
209089 1002000.000000
209106 2038000.000000
209109 232298.000000
209146 2860000.000000
209148 2356000.000000
209151 7172000.000000
