132440 4.491000
132442 2.701000
132471 5.672000
132476 1.748000
132477 12.443000
132478 2.719000
132569 8.270000
132572 2.504000
132596 3.898000
132597 1.166000
132598 3.442000
132599 17.061000
132601 30.295000
132602 1.951000
132605 21.732000
132606 0.000000
132646 3.233000
132647 8.200000
132648 2.825000
132650 6.111000
132652 5.682000
132653 3.022000
132654 8.944000
132656 4.329000
132658 5.773000
132659 2.597000
132661 3.474000
132662 1.957000
132716 11.399000
132958 2.848000
132959 13.712000
132960 6.647000
132961 12.859000
132965 2.708000
132968 5.373000
133029 10.641000
133030 1.182000
133031 0.000000
133034 8.427000
133035 8.130000
133036 4.590000
133038 1.229000
133046 5.331000
133158 21.344000
133320 3.317000
133321 30.476000
133446 5.688000
133448 13.908000
133450 15.924000
133472 1.998000
133474 2.883000
133483 12.813000
133874 206.662000
133875 10.934000
133876 63.483000
133877 306.297000
133881 63.157000
133885 72.545000
133927 6.911000
133928 93.607000
135175 440.411000
135445 1250.000000
135521 628.582000
135523 339.327000
135525 698.363000
135528 2173.000000
135534 111.455000
135535 300.517000
135537 115.976000
135573 74.456000
135575 1404.000000
135735 276.851000
136033 834.105000
136035 166.968000
136066 1041.000000
136080 106.321000
136082 782.838000
136087 412.389000
136088 997.814000
136097 463.233000
136098 122.841000
136100 3504.000000
136119 204.556000
137027 204.442000
137028 1336.000000
138560 213.941000
138562 74.210000
138563 41.838000
138564 68.583000
138565 46.811000
138570 68.909000
138571 46.591000
138572 273.237000
138737 1060.000000
138738 1077.000000
138739 1990.000000
138742 532.663000
138744 371.475000
138745 155.410000
138746 1358.000000
138747 2673.000000
138749 1140.000000
138750 3112.000000
138751 1688.000000
138919 2006.000000
138920 1281.000000
138921 2728.000000
138923 156.850000
138924 811.948000
138937 429.352000
138939 321.399000
139020 1579.000000
139096 1233.000000
139098 2220.000000
139100 3290.000000
139102 422.591000
139103 1832.000000
139195 1562.000000
139239 2409.000000
139347 2270.000000
139356 1463.000000
139360 555.006000
139362 416.206000
139363 179.121000
139364 1112.000000
139365 2952.000000
139368 1822.000000
139370 7872.000000
139372 1533.000000
139375 1962.000000
139399 1151.000000
139400 1661.000000
139407 14235.000000
139411 1834.000000
139455 254.208000
139457 945.038000
139458 4267.000000
139459 551.772000
139779 879.921000
139780 1262.000000
139781 1998.000000
139783 380.127000
139784 690.916000
139786 742.494000
139788 334.985000
139789 808.593000
139790 710.534000
139965 971.946000
139966 1460.000000
139967 1559.000000
139968 575.532000
139969 1970.000000
139971 6229.000000
139972 894.681000
139973 2462.000000
139974 1157.000000
139975 1235.000000
139976 360.779000
139980 3877.000000
140058 4353.000000
140059 23965.000000
140070 429.150000
140076 2127.000000
140116 1570.000000
140119 485.696000
140123 3365.000000
140124 45879.000000
140126 7529.000000
140133 0.000000
140158 10403.000000
140159 8698.000000
140160 4853.000000
140180 1202.000000
140181 727.598000
140182 234.861000
140331 17189.000000
140352 7165.000000
140359 1267.000000
140361 3489.000000
140362 5560.000000
140379 6880.000000
140381 1725.000000
140382 7602.000000
140383 14653.000000
140385 5274.000000
140386 1365.000000
140387 3671.000000
140388 4745.000000
140399 13601.000000
140401 4937.000000
141865 2614.000000
141874 2819.000000
141876 2650.000000
141880 5157.000000
141881 14924.000000
141882 6058.000000
141956 26605.000000
141957 5253.000000
141958 2124.000000
141959 12952.000000
141960 16674.000000
141961 3471.000000
142035 25059.000000
142036 14352.000000
142038 33681.000000
142039 706.513000
142040 15845.000000
142076 7213.000000
142128 3702.000000
142129 4197.000000
142130 43480.000000
142132 11065.000000
142135 6934.000000
142136 9961.000000
142137 25488.000000
142187 31898.000000
142188 1878.000000
142189 11986.000000
142191 10649.000000
142265 13931.000000
142303 8425.000000
142304 1354.000000
142305 16604.000000
142308 2830.000000
142309 7469.000000
142311 30556.000000
142312 14612.000000
142313 7565.000000
142317 21040.000000
142318 2561.000000
142319 3871.000000
142413 7111.000000
142414 11530.000000
142415 6582.000000
142417 688.945000
142418 2476.000000
142419 11446.000000
142420 10639.000000
142422 43864.000000
142461 1784.000000
142503 3712.000000
142513 10195.000000
142514 2664.000000
142523 6001.000000
142524 23369.000000
142525 10659.000000
142528 42392.000000
142530 4149.000000
142535 4643.000000
142537 3737.000000
142557 10119.000000
142558 16047.000000
142657 1395.000000
142658 2047.000000
142659 6266.000000
142660 3082.000000
142661 2877.000000
142662 14791.000000
142663 12252.000000
142664 6742.000000
142928 47674.000000
142931 5425.000000
142933 51316.000000
142934 1058.000000
142935 2663.000000
142936 1187.000000
142953 25364.000000
142954 19064.000000
142955 784.187000
142970 15338.000000
142971 108774.000000
142974 857.871000
143004 11334.000000
143005 18849.000000
143006 10099.000000
143007 50522.000000
143008 13126.000000
143179 7383.000000
143181 59616.000000
143187 14961.000000
143191 7401.000000
143192 2307.000000
143193 4061.000000
143318 18655.000000
143319 10699.000000
143320 26011.000000
143321 15239.000000
143322 26691.000000
143323 68310.000000
143326 26870.000000
143327 21348.000000
143328 34572.000000
143657 276461.000000
143665 15672.000000
143726 8740.000000
143727 65832.000000
143731 3769.000000
143827 152935.000000
143831 13676.000000
143833 133745.000000
143835 48381.000000
143953 120329.000000
143954 40992.000000
143955 16138.000000
143956 12139.000000
143957 31988.000000
143959 25198.000000
143960 21480.000000
143961 54661.000000
143962 51730.000000
144010 21013.000000
144011 111545.000000
144083 5357.000000
144086 69328.000000
144089 256474.000000
144112 305267.000000
144114 14852.000000
146428 10432.000000
146430 10317.000000
146431 13651.000000
146436 42722.000000
146437 54694.000000
146510 151846.000000
146511 282169.000000
146513 6856.000000
146514 249917.000000
146589 94479.000000
146644 1153000.000000
146698 40645.000000
146703 60163.000000
146710 146601.000000
146712 48340.000000
146713 157133.000000
146715 119505.000000
146719 90430.000000
146721 18137.000000
146724 96015.000000
146728 125715.000000
146729 34707.000000
146804 604513.000000
146806 28421.000000
146807 303856.000000
146944 553010.000000
147043 258824.000000
147048 353085.000000
147114 553875.000000
147115 497874.000000
147116 31720.000000
147196 331933.000000
147206 403461.000000
147212 106287.000000
147214 101616.000000
147216 76600.000000
147217 217505.000000
147218 62576.000000
147219 355245.000000
147221 71079.000000
147222 449892.000000
147284 436638.000000
147390 1106000.000000
147450 244728.000000
147451 942328.000000
147452 167274.000000
147453 237771.000000
147454 128989.000000
147752 37988.000000
147753 188710.000000
147754 1070000.000000
147755 532903.000000
147757 534239.000000
147926 1014000.000000
147927 293726.000000
147929 894967.000000
148002 445639.000000
148029 932735.000000
148031 1138000.000000
148032 235275.000000
148058 251387.000000
148819 1925000.000000
148822 1179000.000000
148829 671024.000000
148859 177741.000000
148860 212788.000000
148862 3487000.000000
148864 2027000.000000
148952 923458.000000
148953 565531.000000
149003 782554.000000
149011 2532000.000000
149058 218731.000000
149063 350640.000000
149181 5174000.000000
149291 2049000.000000
149294 489127.000000
149442 593098.000000
160404 728.280000
160405 1081.000000
160406 3762.000000
160410 2979.000000
160413 18165.000000
160431 8781.000000
160432 2655.000000
160433 449.625000
160442 2355.000000
160443 887.645000
160444 3026.000000
160445 1460.000000
160446 2190.000000
160447 2478.000000
160449 1638.000000
160450 1718.000000
160454 1521.000000
160455 1202.000000
160456 3844.000000
160497 13675.000000
160498 2421.000000
160499 396.322000
160577 11257.000000
160578 13677.000000
160579 5341.000000
160808 57926.000000
160815 68986.000000
160819 82913.000000
160827 37248.000000
160835 309881.000000
160853 10732.000000
160871 157185.000000
160872 56560.000000
160873 141362.000000
160874 87191.000000
160875 176885.000000
160876 9509.000000
160877 14362.000000
160888 617834.000000
160890 529993.000000
160894 279768.000000
160898 1386.000000
160907 343690.000000
160911 419994.000000
160913 33615.000000
160914 97752.000000
160915 467125.000000
160916 97795.000000
160935 374980.000000
160936 85826.000000
160937 288653.000000
160938 168822.000000
160939 184585.000000
160940 107653.000000
160942 29639.000000
160943 79864.000000
160955 794607.000000
160956 236620.000000
160957 2679000.000000
160998 798321.000000
161008 718639.000000
161016 749707.000000
161103 449099.000000
161106 149229.000000
161107 145296.000000
161113 158232.000000
161116 70892.000000
161117 105066.000000
161119 678070.000000
161156 267018.000000
161165 286531.000000
161176 125378.000000
161216 225038.000000
161217 3965000.000000
161222 571125.000000
161223 1590000.000000
161224 53748.000000
161233 260218.000000
161310 614048.000000
161311 3433000.000000
161312 4003000.000000
161366 15249.000000
161396 7118.000000
161401 2038.000000
161403 2296.000000
161404 923.537000
161439 90471.000000
161445 1611.000000
161450 6043.000000
161454 1187.000000
161473 10575.000000
161474 47993.000000
162718 833103.000000
162733 184821.000000
162739 165417.000000
162742 500971.000000
162760 214839.000000
162762 422760.000000
162765 86808.000000
162803 537702.000000
162808 340635.000000
162810 210969.000000
162811 1724000.000000
162822 1414000.000000
162825 992304.000000
162826 200249.000000
162827 665486.000000
162828 366826.000000
162909 1983000.000000
162924 905221.000000
162925 2622000.000000
162926 5164000.000000
162929 1869000.000000
163046 1668000.000000
163069 4404000.000000
163071 1286000.000000
163072 276698.000000
163078 234915.000000
163232 599214.000000
163233 1988000.000000
163234 454889.000000
163235 2745000.000000
163237 1158000.000000
163238 63089.000000
163252 1153000.000000
163255 8175000.000000
163261 931471.000000
163269 1944000.000000
163270 8478000.000000
163286 2396000.000000
163289 2307000.000000
163296 5838000.000000
163297 2050000.000000
163300 5096000.000000
163301 1478000.000000
163302 1818000.000000
163308 332525.000000
163332 8455000.000000
163333 1081000.000000
163334 5063000.000000
163337 3908000.000000
163338 1322000.000000
163339 1410000.000000
163340 3422000.000000
163358 359280.000000
163369 1141000.000000
163370 1829000.000000
163371 3473000.000000
163372 1001000.000000
163374 7015000.000000
163375 116397.000000
163376 1806000.000000
163378 4144000.000000
163385 3884000.000000
163387 2142000.000000
163402 8054000.000000
163475 3358000.000000
163476 2511000.000000
163478 830630.000000
163479 1864000.000000
163480 1902000.000000
163481 825403.000000
163482 519850.000000
163483 396016.000000
163582 1054000.000000
163583 3588000.000000
163584 1247000.000000
163585 597552.000000
163586 1459000.000000
163587 1173000.000000
163588 5973000.000000
163589 2024000.000000
163591 1131000.000000
163592 1351000.000000
163593 206776.000000
163596 278275.000000
163630 1836000.000000
163655 776460.000000
163657 2437000.000000
163658 280731.000000
163659 10116000.000000
163660 1072000.000000
163661 327538.000000
163662 2157000.000000
163663 2933000.000000
163664 2103000.000000
163665 1890000.000000
163668 2370000.000000
163738 4749000.000000
163753 2240000.000000
163754 1255000.000000
163757 708096.000000
163758 8497000.000000
163759 6549000.000000
163760 4112000.000000
163761 2440000.000000
163763 954491.000000
163765 3093000.000000
163795 1047000.000000
163796 3337000.000000
163817 17453000.000000
163869 1770000.000000
165088 7173.000000
165098 38604.000000
165099 10775.000000
165100 23682.000000
165102 17911.000000
165103 48035.000000
165104 11722.000000
165120 443117.000000
165121 3163000.000000
165205 2523000.000000
165208 1815000.000000
165364 20922000.000000
165400 1614000.000000
165402 472043.000000
165415 21882000.000000
165467 13776000.000000
165472 14031000.000000
165486 2408000.000000
165487 3218000.000000
165506 2401000.000000
165514 13101000.000000
165523 1384000.000000
165525 2837000.000000
165529 2521000.000000
165537 5586000.000000
165542 3636000.000000
165548 9898000.000000
165558 1094000.000000
165567 14082000.000000
165570 17657000.000000
165617 10120000.000000
165619 931660.000000
165620 1313000.000000
165633 11510000.000000
165970 7738000.000000
165993 36191000.000000
166010 4360000.000000
166011 2003000.000000
166033 33115000.000000
166034 8175000.000000
166049 24197000.000000
166051 8701000.000000
166052 2446000.000000
166149 908315.000000
166150 2967000.000000
166161 3551000.000000
166163 1277000.000000
166164 918721.000000
166346 5251000.000000
166374 5019000.000000
166377 2090000.000000
166379 3204000.000000
166380 37772000.000000
166394 544448.000000
166408 30795000.000000
166429 1759000.000000
166438 20345000.000000
166462 11332000.000000
166486 2987000.000000
166502 2083000.000000
166512 41659000.000000
166514 7784000.000000
166530 953380.000000
166554 18295000.000000
166563 16138000.000000
166565 15957000.000000
166699 19750000.000000
166701 14021000.000000
166763 14730000.000000
166781 9653000.000000
166782 12883000.000000
166784 7752000.000000
166787 6572000.000000
166839 7215000.000000
166841 21885000.000000
166842 3071000.000000
166859 10721000.000000
166860 878389.000000
166861 1202000.000000
166862 286357.000000
166863 379473.000000
166864 11771000.000000
166888 12202000.000000
166889 5948000.000000
166890 12258000.000000
166893 478990.000000
166894 4433000.000000
166895 11059000.000000
166911 1848000.000000
166921 1636000.000000
166922 20357000.000000
166923 10319000.000000
166946 5199000.000000
166950 32722000.000000
166960 3746000.000000
166966 4568000.000000
166967 3681000.000000
167039 6364000.000000
167041 14949000.000000
167043 4388000.000000
167078 3978000.000000
167098 9960000.000000
167102 9121000.000000
167103 1752000.000000
167151 1699000.000000
167281 14922000.000000
167282 9318000.000000
167284 27062000.000000
167551 12604000.000000
167673 8851000.000000
167674 9044000.000000
167675 23197000.000000
167676 8228000.000000
167740 3527000.000000
167746 9809000.000000
167754 1850000.000000
167784 3274000.000000
167786 4687000.000000
167807 45810000.000000
167830 21899000.000000
167898 42155000.000000
167913 8282000.000000
169985 35280.000000
169991 7079.000000
170000 53807.000000
170040 2225000.000000
170044 475442.000000
170249 7002000.000000
170255 4851000.000000
170286 3879000.000000
170292 4053000.000000
170298 2699000.000000
170303 421743.000000
170304 1933000.000000
170307 129221.000000
170348 6477000.000000
170354 7755000.000000
170376 1127000.000000
170378 390144.000000
170380 743591.000000
170382 7645000.000000
170397 7655000.000000
170406 3219000.000000
170452 2042000.000000
170527 2620000.000000
170722 6104000.000000
170759 11502000.000000
170826 9021000.000000
170842 9130000.000000
170854 14396000.000000
170876 9491000.000000
170896 3568000.000000
170899 1347000.000000
170901 2908000.000000
171050 20921000.000000
171091 4009000.000000
171098 850733.000000
171102 893735.000000
171106 7545000.000000
171116 308670.000000
171117 1827000.000000
171156 22756000.000000
171178 24086000.000000
171219 4854000.000000
171274 4218000.000000
171282 6826000.000000
171315 7422000.000000
171369 5015000.000000
171446 28655000.000000
171484 15013000.000000
171578 25929000.000000
171812 15676000.000000
171875 2077000.000000
171876 21366000.000000
171879 3722000.000000
171880 8611000.000000
171890 2178000.000000
171895 2292000.000000
171897 13999000.000000
171921 5971000.000000
171926 10199000.000000
172014 11324000.000000
172024 6459000.000000
172033 25482000.000000
172163 30293000.000000
172208 7500000.000000
172252 2731000.000000
172254 2495000.000000
172255 1723000.000000
172268 6464000.000000
172286 8108000.000000
172389 18835000.000000
172399 9690000.000000
172400 26848000.000000
172401 4642000.000000
172411 35600000.000000
172478 4217000.000000
172485 26676000.000000
172488 6122000.000000
172495 5540000.000000
172497 3799000.000000
172507 2932000.000000
172619 2051000.000000
172620 9997000.000000
172630 7909000.000000
172635 11549000.000000
172778 3203000.000000
172791 59405000.000000
172798 992236.000000
172799 9935000.000000
172801 25527000.000000
172802 14499000.000000
172819 10526000.000000
172822 74904000.000000
172824 1153000.000000
172847 4300000.000000
172865 17914000.000000
172868 63883000.000000
172949 50919000.000000
172951 2220000.000000
172952 40263000.000000
172992 41134000.000000
172998 3297000.000000
172999 9678000.000000
173198 32911000.000000
173236 11251000.000000
173240 6903000.000000
173241 31370000.000000
173243 3448000.000000
173244 3487000.000000
173380 9030000.000000
173381 12102000.000000
173389 28930000.000000
173406 13231000.000000
173430 7153000.000000
173431 751343.000000
173438 3462000.000000
173439 37218000.000000
173657 3153000.000000
173658 5515000.000000
173659 13819000.000000
173660 13980000.000000
173661 4729000.000000
173662 827799.000000
173663 4256000.000000
173664 8455000.000000
173692 90463000.000000
175832 1755000.000000
175833 264383.000000
175834 4981000.000000
175835 1742000.000000
175837 1702000.000000
175857 1238000.000000
175858 705770.000000
175860 1818000.000000
175863 1685000.000000
175865 1294000.000000
175866 8618000.000000
175872 2600000.000000
175873 1800000.000000
175874 5426000.000000
175875 7588000.000000
175877 2941000.000000
175881 6379000.000000
175886 10277000.000000
175887 4645000.000000
175888 12419000.000000
175906 10007000.000000
175910 484732.000000
175921 23480000.000000
175971 4838000.000000
175973 18634000.000000
175974 7922000.000000
175975 21492000.000000
175976 4776000.000000
175990 8007000.000000
176023 7177000.000000
176161 2672000.000000
176163 7226000.000000
176165 6429000.000000
176166 3302000.000000
176167 845420.000000
176169 8264000.000000
176201 43800000.000000
176202 15349000.000000
176206 5591000.000000
176207 11153000.000000
176286 32640000.000000
176289 4245000.000000
176304 40452000.000000
176308 18116000.000000
176309 70509000.000000
176461 9610000.000000
176463 3008000.000000
176464 5961000.000000
176465 1296000.000000
176466 7649000.000000
176467 11374000.000000
176468 13059000.000000
176469 11321000.000000
176470 136640.000000
176545 2361000.000000
176547 14094000.000000
176548 58073000.000000
176697 23912000.000000
176701 9924000.000000
176702 49500000.000000
176765 6184000.000000
176771 9106000.000000
176795 8008000.000000
176796 8399000.000000
176797 17727000.000000
176799 13631000.000000
176801 14212000.000000
176805 4971000.000000
176807 18382000.000000
176841 14141000.000000
176842 2143000.000000
176844 6589000.000000
176848 2185000.000000
176850 15317000.000000
176860 20208000.000000
176868 17989000.000000
176885 13731000.000000
176886 40130000.000000
176889 4352000.000000
176928 9004000.000000
176929 21114000.000000
176933 22867000.000000
176959 1965000.000000
176982 391551.000000
177053 41498000.000000
177074 42386000.000000
177088 3631000.000000
177095 10837000.000000
177096 10490000.000000
177131 8027000.000000
177138 6648000.000000
177139 39296000.000000
177140 28069000.000000
177141 25676000.000000
177183 16733000.000000
177184 2484000.000000
177201 48358000.000000
177222 21551000.000000
177313 2877000.000000
177317 4910000.000000
177318 27938000.000000
177319 20450000.000000
177449 35817000.000000
177452 9836000.000000
177507 11047000.000000
177509 14108000.000000
177515 60526000.000000
177718 90934000.000000
177719 25667000.000000
177730 119302000.000000
177776 4974000.000000
177782 14456000.000000
177783 25391000.000000
177785 3186000.000000
177786 7418000.000000
177788 4709000.000000
177789 5196000.000000
177790 32018000.000000
177791 8286000.000000
177875 37959000.000000
177878 41353000.000000
178078 7789000.000000
178098 49501000.000000
178099 12220000.000000
178100 66490000.000000
178101 2557000.000000
178102 563690.000000
178110 34018000.000000
178116 37197000.000000
178151 6680000.000000
178160 37916000.000000
178162 10511000.000000
178203 11254.000000
178207 3631.000000
178208 53644.000000
178365 72159000.000000
178367 33560000.000000
178380 6946000.000000
178420 3478000.000000
178421 75342000.000000
178424 35216000.000000
178479 65798000.000000
178667 367201.000000
178675 132920.000000
178677 27235.000000
178703 13845000.000000
178708 26729000.000000
178712 24462000.000000
178724 14730000.000000
178731 10530000.000000
178738 10755000.000000
178786 15728000.000000
178803 32734000.000000
178840 44315000.000000
178854 9610000.000000
178866 25269000.000000
178871 56550000.000000
178920 21572000.000000
178970 41906000.000000
178985 4879000.000000
179315 615.994000
179348 170.280000
179411 7999000.000000
179434 54051000.000000
179452 61335000.000000
179476 8090000.000000
179497 31479000.000000
179547 26433000.000000
179558 10795000.000000
179563 70842000.000000
179816 107606.000000
179823 30913.000000
179827 29149.000000
179828 428138.000000
179889 38878000.000000
179959 4694000.000000
179977 10454000.000000
180072 6429000.000000
180076 26840000.000000
180093 21172000.000000
180241 31238000.000000
180250 44815000.000000
180252 6091000.000000
190389 37034.000000
190390 3261.000000
190391 2122.000000
190401 54134.000000
190402 31311.000000
190403 70660.000000
190404 49794.000000
190405 169196.000000
190407 20013.000000
190409 34654.000000
190410 32713.000000
190411 500101.000000
190456 202755.000000
190459 102801.000000
190462 27434.000000
190465 159053.000000
190482 2235000.000000
190490 843162.000000
190491 300375.000000
190492 177114.000000
190538 765754.000000
190539 2189000.000000
190591 3173000.000000
190592 722136.000000
190593 287670.000000
190595 5629000.000000
190645 685952.000000
190646 675653.000000
190659 2663000.000000
190661 5877000.000000
190662 309749.000000
190663 1669000.000000
190678 11215000.000000
190679 1102000.000000
190688 4936000.000000
190702 7183000.000000
190703 12637000.000000
190704 405070.000000
190705 17597000.000000
190706 5078000.000000
190707 11209000.000000
190708 5929000.000000
190710 496510.000000
190733 20929000.000000
190734 547693.000000
190735 363446.000000
190736 8724000.000000
190738 13266000.000000
190782 23036000.000000
190895 38240000.000000
190906 20669000.000000
190945 5609000.000000
190949 13035000.000000
191043 3985000.000000
191046 16371000.000000
191056 1992000.000000
191057 4345000.000000
191062 26818000.000000
191090 5477000.000000
191201 5799000.000000
191202 9292000.000000
191226 97050000.000000
191247 73854000.000000
191248 4830000.000000
191264 12582000.000000
191271 27793000.000000
191276 2540000.000000
191277 55598000.000000
191306 75759.000000
191350 335795.000000
191367 136682.000000
191410 1438.000000
191411 2429.000000
191691 4575000.000000
191692 4197000.000000
191694 5426000.000000
191695 5247000.000000
191697 1224000.000000
191700 54446000.000000
191701 9467000.000000
191718 21191000.000000
191720 15127000.000000
191721 11665000.000000
191723 592165.000000
191726 1017000.000000
191800 7572000.000000
191808 1648000.000000
191810 14117000.000000
191811 21826000.000000
191830 40593000.000000
191833 11050000.000000
191834 32543000.000000
191837 6016000.000000
191839 3498000.000000
191842 1944000.000000
191845 2797000.000000
191849 4204000.000000
191856 9769000.000000
191857 2988000.000000
191858 3684000.000000
191859 8192000.000000
192989 22135.000000
192990 241078.000000
193091 937086.000000
193092 3755.000000
193093 110752.000000
193112 2356000.000000
193115 130478.000000
193116 5089000.000000
193123 762106.000000
193124 1189000.000000
193192 5422000.000000
193193 24818000.000000
193207 7551000.000000
193334 10349000.000000
193336 43866000.000000
193541 28203000.000000
193556 9027000.000000
193557 5644000.000000
193575 41580000.000000
193621 94601000.000000
193834 1278000.000000
193835 939834.000000
193836 1130000.000000
193998 23364000.000000
193999 3643000.000000
194027 7155000.000000
194050 115412000.000000
194051 916326.000000
194052 6938000.000000
194075 7819000.000000
194076 56247000.000000
194108 64601000.000000
194115 63382000.000000
194117 3042000.000000
194119 15659000.000000
194120 20046000.000000
194150 44810000.000000
194151 46542000.000000
194153 7075000.000000
194199 31411000.000000
194210 40376000.000000
194223 8871000.000000
194224 44907000.000000
194225 13322000.000000
194270 3691000.000000
194303 7305000.000000
194304 6907000.000000
194305 8765000.000000
194314 32074000.000000
194315 45377000.000000
194317 1543000.000000
194424 71815000.000000
194428 44075000.000000
194429 57216000.000000
194439 10391000.000000
194455 34705000.000000
194464 23893000.000000
194479 50308000.000000
194480 82986000.000000
194533 79740000.000000
194619 19452000.000000
194631 25838000.000000
194643 29265000.000000
194644 33992000.000000
194691 44013000.000000
194699 25035000.000000
194702 16968000.000000
194704 44217000.000000
194711 35032000.000000
194712 34611000.000000
194735 12153000.000000
194778 22670000.000000
194788 3566000.000000
194789 56953000.000000
194790 4978000.000000
194825 27264000.000000
194896 14388000.000000
194897 13011000.000000
194912 159882000.000000
194914 3055000.000000
194915 5016000.000000
195013 66127000.000000
195014 18030000.000000
195015 3034000.000000
195016 50255000.000000
195099 28711000.000000
195109 39110000.000000
195110 1627000.000000
195111 7112000.000000
195112 3920000.000000
195113 59947000.000000
195114 9553000.000000
195115 1791000.000000
195147 56118000.000000
195163 40690000.000000
195164 8441000.000000
195165 29951000.000000
195251 32185000.000000
195265 18373000.000000
195266 49854000.000000
195303 42718000.000000
195304 111512000.000000
195378 119037000.000000
195379 21643000.000000
195385 10114000.000000
195387 1130000.000000
195390 20865000.000000
195396 14867000.000000
195397 121653000.000000
195398 93479000.000000
195399 13523000.000000
195522 1441000.000000
195523 887032.000000
195524 1027000.000000
195526 1731000.000000
195527 2422000.000000
195528 2521000.000000
195529 10788000.000000
195530 66709000.000000
195540 34776000.000000
195551 4848000.000000
195552 159264000.000000
195633 7084000.000000
195634 13470000.000000
195644 9094000.000000
195645 2656000.000000
195647 5741000.000000
195649 30281000.000000
195655 48385000.000000
195656 37975000.000000
195658 25795000.000000
195660 9317000.000000
195749 19752000.000000
195757 26602000.000000
195758 4185000.000000
195774 112358000.000000
195775 14832000.000000
195776 41282000.000000
195841 3616000.000000
195868 29172000.000000
195913 2754000.000000
195915 98536000.000000
195916 18842000.000000
195917 1396000.000000
195918 5961000.000000
195919 1969000.000000
195923 1790000.000000
195925 1617000.000000
195926 4245000.000000
195927 747270.000000
195929 2586000.000000
195930 39078000.000000
195937 21476000.000000
195947 11771000.000000
195948 73330000.000000
195950 114708000.000000
195963 1785000.000000
195970 11586000.000000
196019 10254000.000000
196023 12035000.000000
196027 23047000.000000
196046 7487000.000000
196047 12887000.000000
196048 6386000.000000
196090 10346000.000000
196096 5412000.000000
196097 3666000.000000
196098 1851000.000000
196099 4634000.000000
196107 50785000.000000
196122 4226000.000000
196131 19410000.000000
196135 3821000.000000
196197 67387000.000000
196199 53242000.000000
196200 6249000.000000
196201 747112.000000
196202 9298000.000000
196203 8975000.000000
196218 94788000.000000
196239 81623000.000000
196249 8970000.000000
196250 55409000.000000
196252 3885000.000000
196334 41388000.000000
196349 32492000.000000
196350 1715000.000000
196351 8969000.000000
196352 2252000.000000
196353 20226000.000000
196357 1799000.000000
196359 2981000.000000
196362 12288000.000000
196363 4973000.000000
196364 99077000.000000
196431 64845000.000000
196432 4258000.000000
196433 31230000.000000
196437 19579000.000000
196438 85017000.000000
196452 118412000.000000
196453 116230000.000000
196495 25630000.000000
196497 22214000.000000
196501 9958000.000000
196509 7168000.000000
196531 51570000.000000
198022 1359000.000000
198023 1090000.000000
198041 3281000.000000
198044 2942000.000000
198045 10031000.000000
198048 2536000.000000
198049 2030000.000000
198050 4916000.000000
198063 8257000.000000
198116 8516000.000000
198202 5269000.000000
198207 8242000.000000
198208 13527000.000000
198210 12885000.000000
198212 25773000.000000
198213 4496000.000000
198214 439351.000000
198215 610208.000000
198229 1990000.000000
198230 102536000.000000
198249 939953.000000
198268 3008000.000000
198269 26726000.000000
198270 834823.000000
198271 77014000.000000
198272 38792000.000000
198346 1829000.000000
198372 7948000.000000
198485 26642000.000000
198487 130637000.000000
198522 21268000.000000
198588 19643.000000
198589 2745.000000
198603 14962.000000
198609 34081.000000
198899 1206.000000
198900 2316.000000
198901 3341.000000
198902 32157.000000
198903 17405.000000
